runs collected: 56 | xs {'sig': 0.31658278834407944, 'int': -0.624197121958183, 'bkg': 5.9641121728136115, 'sbi': 5.656497839039445}
 mu_true    variant  frac  seed   bias  bias_se_toys  mean_width  n_open  n_spike  frac_covering
     0.4     frozen  0.01     0  0.407         0.012       0.311       0       13          0.021
     0.4     frozen  0.03     0  0.270         0.019       0.595       0        4          0.375
     0.4     frozen  0.10     0  0.414         0.024       0.432       0       23          0.083
     0.4     frozen  0.30     0  0.402         0.017       0.461       0       16          0.000
     0.4     frozen  1.00     0  0.359         0.007       0.366       0        1          0.000
     0.4     poster  1.00     0  0.508         0.017       0.405       0       42          0.000
     0.4 pretrained  0.01     0  0.531         0.020       0.163       0       43          0.000
     0.4 pretrained  0.01     1  0.571         0.005       0.208       0       48          0.000
     0.4 pretrained  0.01     2  0.525         0.019       0.224       0       47          0.000
     0.4 pretrained  0.03     0  0.594         0.004       0.119       0       48          0.000
     0.4 pretrained  0.03     1  0.591         0.006       0.203       0       48          0.000
     0.4 pretrained  0.03     2  0.251         0.042       0.390       0       20          0.396
     0.4 pretrained  0.10     0 -0.386         0.003       0.032      25        0          0.000
     0.4 pretrained  0.10     1  0.238         0.053       0.269       0       22          0.000
     0.4 pretrained  0.10     2  0.577         0.005       0.181       0       48          0.000
     0.4 pretrained  0.30     0  0.552         0.021       0.333       0       41          0.021
     0.4 pretrained  1.00     0  0.056         0.028       0.808       0        1          0.833
     0.4    scratch  0.01     0  0.202         0.013       0.781       0        0          1.000
     0.4    scratch  0.01     1  0.564         0.005       0.210       0       48          0.000
     0.4    scratch  0.01     2  0.180         0.011       0.710       0        0          0.917
     0.4    scratch  0.03     0 -0.039         0.002       0.542       0        0          1.000
     0.4    scratch  0.03     1  0.112         0.019       0.681       0        0          0.896
     0.4    scratch  0.03     2  0.019         0.043       0.548       0        4          0.500
     0.4    scratch  0.10     0 -0.100         0.007       0.699       0        0          1.000
     0.4    scratch  0.10     1  0.030         0.034       0.977       0        1          1.000
     0.4    scratch  0.10     2  0.037         0.007       0.717       0        0          0.979
     0.4    scratch  0.30     0 -0.018         0.008       0.621       0        0          0.938
     0.4    scratch  1.00     0 -0.119         0.006       0.723       0        0          1.000
     2.5     frozen  0.01     0 -1.597         0.138       0.528      25        0          0.000
     2.5     frozen  0.03     0 -0.188         0.011       0.656       0        0          0.979
     2.5     frozen  0.10     0 -0.293         0.011       0.574       0        0          0.458
     2.5     frozen  0.30     0 -0.325         0.011       0.571       0        0          0.354
     2.5     frozen  1.00     0 -0.421         0.011       0.564       0        0          0.021
     2.5     poster  1.00     0 -0.166         0.011       0.573       0        0          0.938
     2.5 pretrained  0.01     0 -2.077         0.113       0.537      37        0          0.000
     2.5 pretrained  0.01     1 -2.500         0.000         NaN      48        0            NaN
     2.5 pretrained  0.01     2 -1.305         0.124       0.512      16        0          0.000
     2.5 pretrained  0.03     0 -2.500         0.000         NaN      48        0            NaN
     2.5 pretrained  0.03     1 -2.196         0.099       0.474      40        0          0.000
     2.5 pretrained  0.03     2 -0.362         0.013       0.618       0        0          0.312
     2.5 pretrained  0.10     0 -2.500         0.000         NaN      48        0            NaN
     2.5 pretrained  0.10     1 -1.211         0.159       0.566      20        0          0.536
     2.5 pretrained  0.10     2 -0.742         0.067       0.556       3        0          0.000
     2.5 pretrained  0.30     0 -0.224         0.018       0.479       0        0          0.583
     2.5 pretrained  1.00     0 -0.173         0.011       0.582       0        0          0.917
     2.5    scratch  0.01     0 -1.294         0.130       0.538      17        0          0.000
     2.5    scratch  0.01     1 -0.736         0.011       0.464       0        0          0.000
     2.5    scratch  0.01     2 -0.738         0.011       0.557       0        0          0.000
     2.5    scratch  0.03     0 -0.553         0.011       0.593       0        0          0.000
     2.5    scratch  0.03     1 -0.478         0.011       0.548       0        0          0.000
     2.5    scratch  0.03     2 -0.474         0.011       0.530       0        0          0.000
     2.5    scratch  0.10     0 -0.202         0.011       0.549       0        0          0.917
     2.5    scratch  0.10     1 -0.150         0.010       0.554       0        0          0.958
     2.5    scratch  0.10     2 -0.288         0.011       0.581       0        0          0.458
     2.5    scratch  0.30     0 -0.275         0.011       0.581       0        0          0.542
     2.5    scratch  1.00     0 -0.178         0.011       0.561       0        0          0.938

=== per-seed paired: |bias_scratch| - |bias_pretrained| (>0: pretraining helps) ===
 mu_true  frac  seed  frozen  poster  pretrained  scratch  abs_gain_pretrained
     0.4  0.01     0   0.407     NaN       0.531    0.202               -0.328
     0.4  0.01     1     NaN     NaN       0.571    0.564               -0.007
     0.4  0.01     2     NaN     NaN       0.525    0.180               -0.345
     0.4  0.03     0   0.270     NaN       0.594   -0.039               -0.555
     0.4  0.03     1     NaN     NaN       0.591    0.112               -0.479
     0.4  0.03     2     NaN     NaN       0.251    0.019               -0.232
     0.4  0.10     0   0.414     NaN      -0.386   -0.100               -0.286
     0.4  0.10     1     NaN     NaN       0.238    0.030               -0.208
     0.4  0.10     2     NaN     NaN       0.577    0.037               -0.541
     0.4  0.30     0   0.402     NaN       0.552   -0.018               -0.534
     0.4  1.00     0   0.359   0.508       0.056   -0.119                0.063
     2.5  0.01     0  -1.597     NaN      -2.077   -1.294               -0.783
     2.5  0.01     1     NaN     NaN      -2.500   -0.736               -1.764
     2.5  0.01     2     NaN     NaN      -1.305   -0.738               -0.568
     2.5  0.03     0  -0.188     NaN      -2.500   -0.553               -1.947
     2.5  0.03     1     NaN     NaN      -2.196   -0.478               -1.718
     2.5  0.03     2     NaN     NaN      -0.362   -0.474                0.112
     2.5  0.10     0  -0.293     NaN      -2.500   -0.202               -2.298
     2.5  0.10     1     NaN     NaN      -1.211   -0.150               -1.061
     2.5  0.10     2     NaN     NaN      -0.742   -0.288               -0.454
     2.5  0.30     0  -0.325     NaN      -0.224   -0.275                0.051
     2.5  1.00     0  -0.421  -0.166      -0.173   -0.178                0.004

| mu_true | variant | fraction | seed 0 | seed 1 | seed 2 |
|---|---|---|---|---|---|
| 2.5 | scratch | 1 % | -1.29 (17 open) | -0.74 | -0.74 |
| 2.5 | scratch | 3 % | -0.55 | -0.48 | -0.47 |
| 2.5 | scratch | 10 % | -0.20 | -0.15 | -0.29 |
| 2.5 | scratch | 30 % | -0.27 | - | - |
| 2.5 | scratch | 100 % | -0.18 | - | - |
| 2.5 | pretrained | 1 % | -2.08 (37 open) | collapsed (mu_hat = 0, 48 open) | -1.31 (16 open) |
| 2.5 | pretrained | 3 % | collapsed (mu_hat = 0, 48 open) | -2.20 (40 open) | -0.36 |
| 2.5 | pretrained | 10 % | collapsed (mu_hat = 0, 48 open) | -1.21 (20 open) | -0.74 (3 open) |
| 2.5 | pretrained | 30 % | -0.22 | - | - |
| 2.5 | pretrained | 100 % | -0.17 | - | - |
| 2.5 | frozen | 1 % | -1.60 (25 open) | - | - |
| 2.5 | frozen | 3 % | -0.19 | - | - |
| 2.5 | frozen | 10 % | -0.29 | - | - |
| 2.5 | frozen | 30 % | -0.32 | - | - |
| 2.5 | frozen | 100 % | -0.42 | - | - |
| 0.4 | scratch | 1 % | +0.20 | +0.56 (spike, 48 toys at mu = 1) | +0.18 |
| 0.4 | scratch | 3 % | -0.04 | +0.11 | +0.02 |
| 0.4 | scratch | 10 % | -0.10 | +0.03 | +0.04 |
| 0.4 | scratch | 30 % | -0.02 | - | - |
| 0.4 | scratch | 100 % | -0.12 | - | - |
| 0.4 | pretrained | 1 % | +0.53 (spike, 43 toys at mu = 1) | +0.57 (spike, 48 toys at mu = 1) | +0.52 (spike, 47 toys at mu = 1) |
| 0.4 | pretrained | 3 % | +0.59 (spike, 48 toys at mu = 1) | +0.59 (spike, 48 toys at mu = 1) | +0.25 |
| 0.4 | pretrained | 10 % | -0.39 (25 open) | +0.24 | +0.58 (spike, 48 toys at mu = 1) |
| 0.4 | pretrained | 30 % | +0.55 (spike, 41 toys at mu = 1) | - | - |
| 0.4 | pretrained | 100 % | +0.06 | - | - |
| 0.4 | frozen | 1 % | +0.41 | - | - |
| 0.4 | frozen | 3 % | +0.27 | - | - |
| 0.4 | frozen | 10 % | +0.41 | - | - |
| 0.4 | frozen | 30 % | +0.40 | - | - |
| 0.4 | frozen | 100 % | +0.36 | - | - |
[seeds] DONE
   variant         task  frac  seed    auc  C_ref  C_val  best_epoch  mean_r_val  max_r_val  n_big_val  w_frac_big  share_big  max_r_toys_mu2p5  n_big_toys_mu2p5  wfrac_big_toys_mu2p5  max_r_toys_mu0p4  n_big_toys_mu0p4  wfrac_big_toys_mu0p4
    frozen sbi_over_bkg  0.01     0 0.5060 0.9927 0.9928          16      0.9999     1.0499          0      0.0000     0.0000            1.0498                 0                0.0000            1.0498                 0                0.0000
    frozen sbi_over_bkg  0.03     0 0.5068 1.0058 1.0060          10      0.9999     1.0570          0      0.0000     0.0000            1.0579                 0                0.0000            1.0579                 0                0.0000
    frozen sbi_over_bkg  0.10     0 0.5065 1.0043 1.0044           9      0.9999     1.0555          0      0.0000     0.0000            1.0549                 0                0.0000            1.0549                 0                0.0000
    frozen sbi_over_bkg  0.30     0 0.5067 1.0047 1.0049          14      0.9998     1.0352          0      0.0000     0.0000            1.0354                 0                0.0000            1.0354                 0                0.0000
    frozen sbi_over_bkg  1.00     0 0.5064 1.0006 1.0006          13      0.9999     1.0575          0      0.0000     0.0000            1.0584                 0                0.0000            1.0584                 0                0.0000
    frozen sig_over_bkg  0.01     0 0.8611 0.8396 0.8526           1      0.9849   237.8742       1173      0.0022     0.1017          246.1660              4326                0.0028          246.1660              4326                0.0014
    frozen sig_over_bkg  0.03     0 0.8641 1.0163 1.0192           1      0.9972    90.0751         90      0.0006     0.0248          172.6866               572                0.0006          172.6866               572                0.0003
    frozen sig_over_bkg  0.10     0 0.8697 0.9295 0.9207          10      1.0095   806.2394        239      0.0010     0.0470          312.8432              1349                0.0012          312.8432              1349                0.0005
    frozen sig_over_bkg  0.30     0 0.8687 0.9549 0.9554           3      0.9994    70.9529        710      0.0017     0.0719           73.5101              3596                0.0021           73.5101              3596                0.0009
    frozen sig_over_bkg  1.00     0 0.8709 0.8699 0.8664           6      1.0039    76.1482        702      0.0017     0.0745          120.6389              3487                0.0020          120.6389              3487                0.0009
    poster sbi_over_bkg  1.00     0 0.5080 0.9991 0.9992          20      0.9999     1.0563          0      0.0000     0.0000            1.0646                 0                0.0000            1.0646                 0                0.0000
    poster sig_over_bkg  1.00     0 0.8842 1.0308 0.9976           7      1.0333   138.6001        310      0.0013     0.0702          319.9399              1710                0.0011          319.9399              1710                0.0005
pretrained sbi_over_bkg  0.01     0 0.5056 1.0041 1.0042          13      0.9999     1.2856          0      0.0000     0.0000            1.2915                 0                0.0000            1.2915                 0                0.0000
pretrained sbi_over_bkg  0.01     1 0.5069 1.0066 1.0067          10      0.9999     1.1130          0      0.0000     0.0000            1.1242                 0                0.0000            1.1242                 0                0.0000
pretrained sbi_over_bkg  0.01     2 0.5064 0.9946 0.9947           8      0.9999     1.5069          0      0.0000     0.0000            1.5281                 0                0.0000            1.5281                 0                0.0000
pretrained sbi_over_bkg  0.03     0 0.5071 1.0037 1.0038          12      0.9999     1.2232          0      0.0000     0.0000            1.2160                 0                0.0000            1.2160                 0                0.0000
pretrained sbi_over_bkg  0.03     1 0.5064 1.0073 1.0073           8      1.0000     1.2608          0      0.0000     0.0000            1.5701                 0                0.0000            1.5701                 0                0.0000
pretrained sbi_over_bkg  0.03     2 0.5060 0.9900 0.9901           8      0.9999     1.8508          0      0.0000     0.0000            1.9794                 0                0.0000            1.9794                 0                0.0000
pretrained sbi_over_bkg  0.10     0 0.5059 1.0007 1.0072          15      0.9935     1.4308          0      0.0000     0.0000      1399043.2891                 8                0.0000      1399043.2891                 8                0.0000
pretrained sbi_over_bkg  0.10     1 0.5054 0.9972 0.9972           5      1.0000     1.4642          0      0.0000     0.0000            1.4934                 0                0.0000            1.4934                 0                0.0000
pretrained sbi_over_bkg  0.10     2 0.5070 0.9969 0.9970          12      0.9999     1.7545          0      0.0000     0.0000            1.7982                 0                0.0000            1.7982                 0                0.0000
pretrained sbi_over_bkg  0.30     0 0.5058 0.9976 0.9977          10      0.9999     1.2944          0      0.0000     0.0000            1.3403                 0                0.0000            1.3403                 0                0.0000
pretrained sbi_over_bkg  1.00     0 0.5058 0.9966 0.9967          12      0.9999     1.5525          0      0.0000     0.0000            1.9118                 0                0.0000            1.9118                 0                0.0000
pretrained sig_over_bkg  0.01     0 0.8630 0.7816 0.7831           1      0.9982   654.7030        569      0.0019     0.1357         1226.0520              2879                0.0022         1226.0520              2879                0.0011
pretrained sig_over_bkg  0.01     1 0.8657 0.6910 0.6921           1      0.9984   454.2120        813      0.0032     0.2366          593.9238              5064                0.0037          593.9238              5064                0.0023
pretrained sig_over_bkg  0.01     2 0.8639 0.8503 0.8338           1      1.0198   117.4853       1385      0.0041     0.2148          173.3873              6130                0.0039          173.3873              6130                0.0018
pretrained sig_over_bkg  0.03     0 0.8706 0.6830 0.6881           2      0.9927  1231.9213        467      0.0021     0.2758         1913.7043              3136                0.0026         1913.7043              3136                0.0013
pretrained sig_over_bkg  0.03     1 0.8725 0.7580 0.7397           2      1.0247   345.6515        744      0.0031     0.2242          648.0860              4690                0.0035          648.0860              4690                0.0020
pretrained sig_over_bkg  0.03     2 0.8682 1.0248 1.0387           1      0.9866   858.2286        116      0.0005     0.0256         1321.5645               671                0.0004         1321.5645               671                0.0002
pretrained sig_over_bkg  0.10     0 0.8758 0.8564 0.8251           5      1.0378  3938.6006        280      0.0013     0.1408         1705.8672              1667                0.0014         1705.8672              1667                0.0006
pretrained sig_over_bkg  0.10     1 0.8789 0.8463 0.8295           3      1.0202   111.5129        400      0.0018     0.0825          214.8612              2676                0.0020          214.8612              2676                0.0010
pretrained sig_over_bkg  0.10     2 0.8740 0.8193 0.7608           7      1.0770  1907.5762        435      0.0017     0.1813         1594.9751              2667                0.0019         1594.9751              2667                0.0010
pretrained sig_over_bkg  0.30     0 0.8809 0.9543 0.9344          10      1.0213   959.8942        105      0.0007     0.0623         1190.9326               677                0.0008         1190.9326               677                0.0004
pretrained sig_over_bkg  1.00     0 0.8799 1.0619 1.0506           7      1.0107   110.6263         22      0.0002     0.0058          325.0386               124                0.0001          325.0386               124                0.0001
   scratch sbi_over_bkg  0.01     0 0.5035 1.0182 1.0184           3      0.9998     1.0263          0      0.0000     0.0000            1.0269                 0                0.0000            1.0269                 0                0.0000
   scratch sbi_over_bkg  0.01     1 0.5045 0.9936 0.9937           2      1.0000     1.0194          0      0.0000     0.0000            1.0196                 0                0.0000            1.0196                 0                0.0000
   scratch sbi_over_bkg  0.01     2 0.5038 0.9747 0.9747           2      1.0000     1.0108          0      0.0000     0.0000            1.0109                 0                0.0000            1.0109                 0                0.0000
   scratch sbi_over_bkg  0.03     0 0.5004 0.9853 0.9853           4      1.0000     1.0300          0      0.0000     0.0000            1.0307                 0                0.0000            1.0307                 0                0.0000
   scratch sbi_over_bkg  0.03     1 0.5025 1.0094 1.0094           2      1.0000     1.0187          0      0.0000     0.0000            1.0188                 0                0.0000            1.0188                 0                0.0000
   scratch sbi_over_bkg  0.03     2 0.5072 0.9986 0.9987           7      0.9999     1.0121          0      0.0000     0.0000            1.0123                 0                0.0000            1.0123                 0                0.0000
   scratch sbi_over_bkg  0.10     0 0.5072 1.0160 1.0160           3      1.0000     1.0174          0      0.0000     0.0000            1.0174                 0                0.0000            1.0174                 0                0.0000
   scratch sbi_over_bkg  0.10     1 0.5072 0.9734 0.9735           2      0.9998     1.0285          0      0.0000     0.0000            1.0286                 0                0.0000            1.0286                 0                0.0000
   scratch sbi_over_bkg  0.10     2 0.5076 0.9704 0.9705           5      0.9999     1.0199          0      0.0000     0.0000            1.0200                 0                0.0000            1.0200                 0                0.0000
   scratch sbi_over_bkg  0.30     0 0.5068 0.9725 0.9723           3      1.0001     1.0152          0      0.0000     0.0000            1.0152                 0                0.0000            1.0152                 0                0.0000
   scratch sbi_over_bkg  1.00     0 0.5071 0.9924 0.9925           3      0.9999     1.0746          0      0.0000     0.0000            1.0748                 0                0.0000            1.0748                 0                0.0000
   scratch sig_over_bkg  0.01     0 0.8500 0.5726 0.5690           1      1.0064    51.2325        434      0.0010     0.0342           56.5731              1923                0.0013           56.5731              1923                0.0007
   scratch sig_over_bkg  0.01     1 0.8521 0.8216 0.8073           1      1.0177   172.8304       1195      0.0040     0.1983          179.1000              6620                0.0045          179.1000              6620                0.0021
   scratch sig_over_bkg  0.01     2 0.8534 0.6263 0.6220           1      1.0068    55.2534        314      0.0016     0.0592           57.6408              1957                0.0016           57.6408              1957                0.0007
   scratch sig_over_bkg  0.03     0 0.8800 1.1365 1.1350           1      1.0013    22.4980          0      0.0000     0.0000           22.3673                 0                0.0000           22.3673                 0                0.0000
   scratch sig_over_bkg  0.03     1 0.8776 0.9068 0.8994           1      1.0082    57.0630        190      0.0012     0.0436           75.2205              1370                0.0013           75.2205              1370                0.0005
   scratch sig_over_bkg  0.03     2 0.8786 1.1135 1.1093           1      1.0038   254.5153       1151      0.0030     0.1143          357.4125              4547                0.0026          357.4125              4547                0.0011
   scratch sig_over_bkg  0.10     0 0.8825 0.9624 0.9605           4      1.0020    37.3651          1      0.0000     0.0001           64.2282                 8                0.0000           64.2282                 8                0.0000
   scratch sig_over_bkg  0.10     1 0.8827 0.8929 0.8905           1      1.0027    27.4527          0      0.0000     0.0000           27.2045                 0                0.0000           27.2045                 0                0.0000
   scratch sig_over_bkg  0.10     2 0.8827 1.0565 1.0575           2      0.9990    26.1557          0      0.0000     0.0000           92.3763                 6                0.0000           92.3763                 6                0.0000
   scratch sig_over_bkg  0.30     0 0.8850 1.1282 1.1251           7      1.0027    83.6446         36      0.0001     0.0033           82.0608               183                0.0001           82.0608               183                0.0001
   scratch sig_over_bkg  1.00     0 0.8843 1.0557 1.0550           4      1.0006    23.7004          0      0.0000     0.0000           23.7698                 0                0.0000           23.7698                 0                0.0000
[tails] DONE
[cval] 56 (pair, mu) measurements in 1238 s
   variant  seed  frac_sig  mu_true  bias_ref  n_open_ref  mean_width_ref  bias_val  n_open_val  mean_width_val  shift
    frozen     0      0.01      0.4     0.407           0           0.311     0.437           0           0.341  0.030
    frozen     0      0.03      0.4     0.270           0           0.595     0.303           0           0.614  0.033
    frozen     0      0.10      0.4     0.414           0           0.432     0.386           0           0.421 -0.028
    frozen     0      0.30      0.4     0.402           0           0.461     0.431           0           0.479  0.028
    frozen     0      1.00      0.4     0.359           0           0.366     0.354           0           0.362 -0.005
    poster     0      1.00      0.4     0.508           0           0.405     0.343           0           0.328 -0.165
pretrained     0      0.01      0.4     0.531           0           0.163     0.549           0           0.173  0.019
pretrained     1      0.01      0.4     0.571           0           0.208     0.573           0           0.212  0.003
pretrained     2      0.01      0.4     0.525           0           0.224     0.511           0           0.207 -0.014
pretrained     0      0.03      0.4     0.594           0           0.119     0.595           0           0.123  0.002
pretrained     1      0.03      0.4     0.591           0           0.203     0.578           0           0.182 -0.013
pretrained     2      0.03      0.4     0.251           0           0.390     0.349           0           0.424  0.098
pretrained     0      0.10      0.4    -0.386          25           0.032     0.526           0           0.137  0.911
pretrained     1      0.10      0.4     0.238           0           0.269     0.163           0           0.216 -0.075
pretrained     2      0.10      0.4     0.577           0           0.181     0.556           0           0.130 -0.022
pretrained     0      0.30      0.4     0.552           0           0.333     0.509           0           0.291 -0.043
pretrained     0      1.00      0.4     0.056           0           0.808     0.026           0           0.736 -0.030
   scratch     0      0.01      0.4     0.202           0           0.781     0.196           0           0.756 -0.006
   scratch     1      0.01      0.4     0.564           0           0.210     0.553           0           0.193 -0.011
   scratch     2      0.01      0.4     0.180           0           0.710     0.149           0           0.708 -0.030
   scratch     0      0.03      0.4    -0.039           0           0.542    -0.036           0           0.541  0.003
   scratch     1      0.03      0.4     0.112           0           0.681     0.067           0           0.651 -0.045
   scratch     2      0.03      0.4     0.019           0           0.548     0.079           0           0.576  0.060
   scratch     0      0.10      0.4    -0.100           0           0.699    -0.100           0           0.682  0.000
   scratch     1      0.10      0.4     0.030           0           0.977     0.169           0           0.984  0.140
   scratch     2      0.10      0.4     0.037           0           0.717     0.068           0           0.731  0.031
   scratch     0      0.30      0.4    -0.018           0           0.621    -0.040           0           0.587 -0.022
   scratch     0      1.00      0.4    -0.119           0           0.723    -0.107           0           0.749  0.011
    frozen     0      0.01      2.5    -1.597          25           0.528    -0.733           4           0.531  0.864
    frozen     0      0.03      2.5    -0.188           0           0.656    -0.165           0           0.655  0.022
    frozen     0      0.10      2.5    -0.293           0           0.574    -0.324           0           0.574 -0.032
    frozen     0      0.30      2.5    -0.325           0           0.571    -0.315           0           0.571  0.010
    frozen     0      1.00      2.5    -0.421           0           0.564    -0.433           0           0.564 -0.011
    poster     0      1.00      2.5    -0.166           0           0.573    -0.288           0           0.574 -0.122
pretrained     0      0.01      2.5    -2.077          37           0.537    -1.816          30           0.540  0.261
pretrained     1      0.01      2.5    -2.500          48             NaN    -2.500          48             NaN  0.000
pretrained     2      0.01      2.5    -1.305          16           0.512    -1.907          32           0.507 -0.602
pretrained     0      0.03      2.5    -2.500          48             NaN    -2.500          48             NaN  0.000
pretrained     1      0.03      2.5    -2.196          40           0.474    -2.386          45           0.495 -0.190
pretrained     2      0.03      2.5    -0.362           0           0.618    -0.294           0           0.616  0.068
pretrained     0      0.10      2.5    -2.500          48             NaN    -2.238          41           0.564  0.262
pretrained     1      0.10      2.5    -1.211          20           0.566    -2.229          42           0.564 -1.019
pretrained     2      0.10      2.5    -0.742           3           0.556    -2.462          47           0.540 -1.720
pretrained     0      0.30      2.5    -0.224           0           0.479    -0.575           6           0.485 -0.351
pretrained     0      1.00      2.5    -0.173           0           0.582    -0.213           0           0.583 -0.040
   scratch     0      0.01      2.5    -1.294          17           0.538    -1.231          15           0.540  0.062
   scratch     1      0.01      2.5    -0.736           0           0.464    -0.917           4           0.464 -0.181
   scratch     2      0.01      2.5    -0.738           0           0.557    -0.764           0           0.558 -0.026
   scratch     0      0.03      2.5    -0.553           0           0.593    -0.556           0           0.594 -0.004
   scratch     1      0.03      2.5    -0.478           0           0.548    -0.507           0           0.549 -0.029
   scratch     2      0.03      2.5    -0.474           0           0.530    -0.481           0           0.530 -0.008
   scratch     0      0.10      2.5    -0.202           0           0.549    -0.209           0           0.549 -0.006
   scratch     1      0.10      2.5    -0.150           0           0.554    -0.152           0           0.554 -0.002
   scratch     2      0.10      2.5    -0.288           0           0.581    -0.279           0           0.581  0.008
   scratch     0      0.30      2.5    -0.275           0           0.581    -0.292           0           0.581 -0.018
   scratch     0      1.00      2.5    -0.178           0           0.561    -0.176           0           0.561  0.001

[cval] max |shift| per variant:
variant
frozen        0.864
poster        0.165
pretrained    1.720
scratch       0.181
[cval] DONE
