runs collected: 56 | xs {'sig': 0.31658278834407944, 'int': -0.624197121958183, 'bkg': 5.9641121728136115, 'sbi': 5.656497839039445}
   variant         task  frac  seed    auc  C_ref  C_val  best_epoch  mean_r_val  max_r_val  n_big_val  w_frac_big  share_big  share_big_num  tail_overestimate  max_r_toys_mu2p5  n_big_toys_mu2p5  wfrac_big_toys_mu2p5  max_r_toys_mu0p4  n_big_toys_mu0p4  wfrac_big_toys_mu0p4
    frozen sbi_over_bkg  0.01     0 0.5060 0.9927 0.9928          16      0.9999     1.0499          0      0.0000     0.0000         0.0000       0.000000e+00            1.0498                 0                0.0000            1.0498                 0                0.0000
    frozen sbi_over_bkg  0.03     0 0.5068 1.0058 1.0060          10      0.9999     1.0570          0      0.0000     0.0000         0.0000       0.000000e+00            1.0579                 0                0.0000            1.0579                 0                0.0000
    frozen sbi_over_bkg  0.10     0 0.5065 1.0043 1.0044           9      0.9999     1.0555          0      0.0000     0.0000         0.0000       0.000000e+00            1.0549                 0                0.0000            1.0549                 0                0.0000
    frozen sbi_over_bkg  0.30     0 0.5067 1.0047 1.0049          14      0.9998     1.0352          0      0.0000     0.0000         0.0000       0.000000e+00            1.0354                 0                0.0000            1.0354                 0                0.0000
    frozen sbi_over_bkg  1.00     0 0.5064 1.0006 1.0006          13      0.9999     1.0575          0      0.0000     0.0000         0.0000       0.000000e+00            1.0584                 0                0.0000            1.0584                 0                0.0000
    frozen sig_over_bkg  0.01     0 0.8611 0.8396 0.8526           1      0.9849   237.8742       1173      0.0022     0.1017         0.0341       2.981200e+00          246.1660              4326                0.0028          246.1660              4326                0.0014
    frozen sig_over_bkg  0.03     0 0.8641 1.0163 1.0192           1      0.9972    90.0751         90      0.0006     0.0248         0.0083       2.969900e+00          172.6866               572                0.0006          172.6866               572                0.0003
    frozen sig_over_bkg  0.10     0 0.8697 0.9295 0.9207          10      1.0095   806.2394        239      0.0010     0.0470         0.0188       2.494700e+00          312.8432              1349                0.0012          312.8432              1349                0.0005
    frozen sig_over_bkg  0.30     0 0.8687 0.9549 0.9554           3      0.9994    70.9529        710      0.0017     0.0719         0.0311       2.310400e+00           73.5101              3596                0.0021           73.5101              3596                0.0009
    frozen sig_over_bkg  1.00     0 0.8709 0.8699 0.8664           6      1.0039    76.1482        702      0.0017     0.0745         0.0287       2.599300e+00          120.6389              3487                0.0020          120.6389              3487                0.0009
    poster sbi_over_bkg  1.00     0 0.5080 0.9991 0.9992          20      0.9999     1.0563          0      0.0000     0.0000         0.0000       0.000000e+00            1.0646                 0                0.0000            1.0646                 0                0.0000
    poster sig_over_bkg  1.00     0 0.8842 1.0308 0.9976           7      1.0333   138.6001        310      0.0013     0.0702         0.0229       3.063900e+00          319.9399              1710                0.0011          319.9399              1710                0.0005
pretrained sbi_over_bkg  0.01     0 0.5056 1.0041 1.0042          13      0.9999     1.2856          0      0.0000     0.0000         0.0000       0.000000e+00            1.2915                 0                0.0000            1.2915                 0                0.0000
pretrained sbi_over_bkg  0.01     1 0.5069 1.0066 1.0067          10      0.9999     1.1130          0      0.0000     0.0000         0.0000       0.000000e+00            1.1242                 0                0.0000            1.1242                 0                0.0000
pretrained sbi_over_bkg  0.01     2 0.5064 0.9946 0.9947           8      0.9999     1.5069          0      0.0000     0.0000         0.0000       0.000000e+00            1.5281                 0                0.0000            1.5281                 0                0.0000
pretrained sbi_over_bkg  0.03     0 0.5071 1.0037 1.0038          12      0.9999     1.2232          0      0.0000     0.0000         0.0000       0.000000e+00            1.2160                 0                0.0000            1.2160                 0                0.0000
pretrained sbi_over_bkg  0.03     1 0.5064 1.0073 1.0073           8      1.0000     1.2608          0      0.0000     0.0000         0.0000       0.000000e+00            1.5701                 0                0.0000            1.5701                 0                0.0000
pretrained sbi_over_bkg  0.03     2 0.5060 0.9900 0.9901           8      0.9999     1.8508          0      0.0000     0.0000         0.0000       0.000000e+00            1.9794                 0                0.0000            1.9794                 0                0.0000
pretrained sbi_over_bkg  0.10     0 0.5059 1.0007 1.0072          15      0.9935     1.4308          0      0.0000     0.0000         0.0000       0.000000e+00      1399043.2891                 8                0.0000      1399043.2891                 8                0.0000
pretrained sbi_over_bkg  0.10     1 0.5054 0.9972 0.9972           5      1.0000     1.4642          0      0.0000     0.0000         0.0000       0.000000e+00            1.4934                 0                0.0000            1.4934                 0                0.0000
pretrained sbi_over_bkg  0.10     2 0.5070 0.9969 0.9970          12      0.9999     1.7545          0      0.0000     0.0000         0.0000       0.000000e+00            1.7982                 0                0.0000            1.7982                 0                0.0000
pretrained sbi_over_bkg  0.30     0 0.5058 0.9976 0.9977          10      0.9999     1.2944          0      0.0000     0.0000         0.0000       0.000000e+00            1.3403                 0                0.0000            1.3403                 0                0.0000
pretrained sbi_over_bkg  1.00     0 0.5058 0.9966 0.9967          12      0.9999     1.5525          0      0.0000     0.0000         0.0000       0.000000e+00            1.9118                 0                0.0000            1.9118                 0                0.0000
pretrained sig_over_bkg  0.01     0 0.8630 0.7816 0.7831           1      0.9982   654.7030        569      0.0019     0.1357         0.0309       4.389600e+00         1226.0520              2879                0.0022         1226.0520              2879                0.0011
pretrained sig_over_bkg  0.01     1 0.8657 0.6910 0.6921           1      0.9984   454.2120        813      0.0032     0.2366         0.0394       6.002800e+00          593.9238              5064                0.0037          593.9238              5064                0.0023
pretrained sig_over_bkg  0.01     2 0.8639 0.8503 0.8338           1      1.0198   117.4853       1385      0.0041     0.2148         0.0651       3.296700e+00          173.3873              6130                0.0039          173.3873              6130                0.0018
pretrained sig_over_bkg  0.03     0 0.8706 0.6830 0.6881           2      0.9927  1231.9213        467      0.0021     0.2758         0.0387       7.118100e+00         1913.7043              3136                0.0026         1913.7043              3136                0.0013
pretrained sig_over_bkg  0.03     1 0.8725 0.7580 0.7397           2      1.0247   345.6515        744      0.0031     0.2242         0.0427       5.247500e+00          648.0860              4690                0.0035          648.0860              4690                0.0020
pretrained sig_over_bkg  0.03     2 0.8682 1.0248 1.0387           1      0.9866   858.2286        116      0.0005     0.0256         0.0070       3.630700e+00         1321.5645               671                0.0004         1321.5645               671                0.0002
pretrained sig_over_bkg  0.10     0 0.8758 0.8564 0.8251           5      1.0378  3938.6006        280      0.0013     0.1408         0.0231       6.085700e+00         1705.8672              1667                0.0014         1705.8672              1667                0.0006
pretrained sig_over_bkg  0.10     1 0.8789 0.8463 0.8295           3      1.0202   111.5129        400      0.0018     0.0825         0.0289       2.851800e+00          214.8612              2676                0.0020          214.8612              2676                0.0010
pretrained sig_over_bkg  0.10     2 0.8740 0.8193 0.7608           7      1.0770  1907.5762        435      0.0017     0.1813         0.0254       7.147200e+00         1594.9751              2667                0.0019         1594.9751              2667                0.0010
pretrained sig_over_bkg  0.30     0 0.8809 0.9543 0.9344          10      1.0213   959.8942        105      0.0007     0.0623         0.0116       5.365800e+00         1190.9326               677                0.0008         1190.9326               677                0.0004
pretrained sig_over_bkg  1.00     0 0.8799 1.0619 1.0506           7      1.0107   110.6263         22      0.0002     0.0058         0.0015       3.961100e+00          325.0386               124                0.0001          325.0386               124                0.0001
   scratch sbi_over_bkg  0.01     0 0.5035 1.0182 1.0184           3      0.9998     1.0263          0      0.0000     0.0000         0.0000       0.000000e+00            1.0269                 0                0.0000            1.0269                 0                0.0000
   scratch sbi_over_bkg  0.01     1 0.5045 0.9936 0.9937           2      1.0000     1.0194          0      0.0000     0.0000         0.0000       0.000000e+00            1.0196                 0                0.0000            1.0196                 0                0.0000
   scratch sbi_over_bkg  0.01     2 0.5038 0.9747 0.9747           2      1.0000     1.0108          0      0.0000     0.0000         0.0000       0.000000e+00            1.0109                 0                0.0000            1.0109                 0                0.0000
   scratch sbi_over_bkg  0.03     0 0.5004 0.9853 0.9853           4      1.0000     1.0300          0      0.0000     0.0000         0.0000       0.000000e+00            1.0307                 0                0.0000            1.0307                 0                0.0000
   scratch sbi_over_bkg  0.03     1 0.5025 1.0094 1.0094           2      1.0000     1.0187          0      0.0000     0.0000         0.0000       0.000000e+00            1.0188                 0                0.0000            1.0188                 0                0.0000
   scratch sbi_over_bkg  0.03     2 0.5072 0.9986 0.9987           7      0.9999     1.0121          0      0.0000     0.0000         0.0000       0.000000e+00            1.0123                 0                0.0000            1.0123                 0                0.0000
   scratch sbi_over_bkg  0.10     0 0.5072 1.0160 1.0160           3      1.0000     1.0174          0      0.0000     0.0000         0.0000       0.000000e+00            1.0174                 0                0.0000            1.0174                 0                0.0000
   scratch sbi_over_bkg  0.10     1 0.5072 0.9734 0.9735           2      0.9998     1.0285          0      0.0000     0.0000         0.0000       0.000000e+00            1.0286                 0                0.0000            1.0286                 0                0.0000
   scratch sbi_over_bkg  0.10     2 0.5076 0.9704 0.9705           5      0.9999     1.0199          0      0.0000     0.0000         0.0000       0.000000e+00            1.0200                 0                0.0000            1.0200                 0                0.0000
   scratch sbi_over_bkg  0.30     0 0.5068 0.9725 0.9723           3      1.0001     1.0152          0      0.0000     0.0000         0.0000       0.000000e+00            1.0152                 0                0.0000            1.0152                 0                0.0000
   scratch sbi_over_bkg  1.00     0 0.5071 0.9924 0.9925           3      0.9999     1.0746          0      0.0000     0.0000         0.0000       0.000000e+00            1.0748                 0                0.0000            1.0748                 0                0.0000
   scratch sig_over_bkg  0.01     0 0.8500 0.5726 0.5690           1      1.0064    51.2325        434      0.0010     0.0342         0.0115       2.983100e+00           56.5731              1923                0.0013           56.5731              1923                0.0007
   scratch sig_over_bkg  0.01     1 0.8521 0.8216 0.8073           1      1.0177   172.8304       1195      0.0040     0.1983         0.0669       2.963300e+00          179.1000              6620                0.0045          179.1000              6620                0.0021
   scratch sig_over_bkg  0.01     2 0.8534 0.6263 0.6220           1      1.0068    55.2534        314      0.0016     0.0592         0.0277       2.141000e+00           57.6408              1957                0.0016           57.6408              1957                0.0007
   scratch sig_over_bkg  0.03     0 0.8800 1.1365 1.1350           1      1.0013    22.4980          0      0.0000     0.0000         0.0000       0.000000e+00           22.3673                 0                0.0000           22.3673                 0                0.0000
   scratch sig_over_bkg  0.03     1 0.8776 0.9068 0.8994           1      1.0082    57.0630        190      0.0012     0.0436         0.0210       2.078400e+00           75.2205              1370                0.0013           75.2205              1370                0.0005
   scratch sig_over_bkg  0.03     2 0.8786 1.1135 1.1093           1      1.0038   254.5153       1151      0.0030     0.1143         0.0532       2.148800e+00          357.4125              4547                0.0026          357.4125              4547                0.0011
   scratch sig_over_bkg  0.10     0 0.8825 0.9624 0.9605           4      1.0020    37.3651          1      0.0000     0.0001         0.0000       7.296399e+07           64.2282                 8                0.0000           64.2282                 8                0.0000
   scratch sig_over_bkg  0.10     1 0.8827 0.8929 0.8905           1      1.0027    27.4527          0      0.0000     0.0000         0.0000       0.000000e+00           27.2045                 0                0.0000           27.2045                 0                0.0000
   scratch sig_over_bkg  0.10     2 0.8827 1.0565 1.0575           2      0.9990    26.1557          0      0.0000     0.0000         0.0000       0.000000e+00           92.3763                 6                0.0000           92.3763                 6                0.0000
   scratch sig_over_bkg  0.30     0 0.8850 1.1282 1.1251           7      1.0027    83.6446         36      0.0001     0.0033         0.0000       5.329152e+02           82.0608               183                0.0001           82.0608               183                0.0001
   scratch sig_over_bkg  1.00     0 0.8843 1.0557 1.0550           4      1.0006    23.7004          0      0.0000     0.0000         0.0000       0.000000e+00           23.7698                 0                0.0000           23.7698                 0                0.0000
[tails] DONE
